185 22.78 22.45 22.70 22.55 23.13 23.04 22.65 22.98
315 47.25 47.31 47.28 47.20 47.36 47.26 47.33 47.35
210 24.68 24.92 24.83 24.74 24.95 24.66 24.71 24.89
180 19.42 19.92 19.56 19.77 19.48 19.63 19.51 19.83
274 34.20 33.20 33.82 34.05 33.53 33.55 33.92 33.38
183 17.29 17.27 17.35 17.18 17.26 17.22 17.28 17.32
171 20.93 20.53 20.88 20.62 20.64 20.75 20.69 20.52
262 45.10 45.36 45.12 45.23 45.20 45.35 45.42 45.25
175 22.98 22.95 22.90 22.83 22.92 22.88 23.01 22.95
224 19.83 19.71 19.76 19.90 19.84 19.82 19.77 19.75
342 45.51 45.61 45.43 45.57 45.52 45.48 45.60 45.55
228 23.34 23.31 23.26 23.28 23.33 23.28 23.36 23.30
177 23.20 23.18 23.12 23.02 23.10 23.15 23.11 23.07
256 34.99 35.16 35.20 35.12 35.19 35.15 35.03 35.22
171 18.28 18.04 18.20 18.22 18.12 18.07 18.18 18.09
209 20.59 20.76 20.51 20.63 20.55 20.58 20.47 20.72
220 39.27 39.19 39.25 39.03 39.20 39.14 39.26 39.15
147 20.10 19.81 19.93 19.82 20.11 19.95 19.92 19.83
202 21.08 20.94 20.86 20.99 20.89 21.02 20.93 20.85
304 32.01 32.18 32.05 32.13 32.02 32.20 32.18 32.03
203 15.98 15.80 15.88 15.95 15.92 15.83 15.86 15.94